40 172 37 12
37 30
30 26
26 31
31 23
23 36
36 35
35 16
16 22
22 15
15 11
11 28
28 18
18 2
2 21
21 10
10 12
29 34
27 17
8 20
6 38
7 5
34 20
34 6
6 39
17 8
34 32
6 20
34 8
17 5
37 38
8 38
38 39
38 27
5 38
17 32
27 37
39 32
29 37
20 29
27 6
37 34
27 20
32 38
32 8
37 8
8 6
27 34
32 29
7 17
29 27
5 20
27 39
6 7
37 6
27 7
29 38
6 17
29 39
39 8
7 8
37 5
29 17
37 7
37 20
5 34
5 32
34 39
39 5
8 5
39 17
39 37
17 34
7 38
5 29
32 20
34 38
32 6
34 7
7 20
27 8
37 17
27 5
20 17
27 32
29 7
39 7
29 8
7 32
29 6
38 17
32 37
39 20
38 20
6 5
4 14
14 13
3 18
9 18
14 33
1 13
18 13
1 24
18 12
19 1
4 33
24 25
14 18
40 25
19 40
9 1
12 40
19 25
33 18
3 12
19 12
12 1
33 12
33 1
33 19
18 25
19 14
24 19
24 14
12 24
33 9
24 18
33 13
19 18
3 9
12 9
24 40
3 14
24 9
4 12
1 14
13 3
3 24
14 12
14 9
19 4
4 25
4 24
12 25
13 24
14 25
40 3
25 1
9 25
40 13
33 24
40 33
13 9
13 12
3 1
33 3
4 18
25 13
4 40
19 9
4 1
40 14
19 3
19 13
40 18
18 1
3 4
1 40
25 33
3 25
9 40
4 9
4 13